1783881021.8730 0.0000 0.0000 0.0000 0.0000 0.0000 0.0000 1.0000
1783881022.2474 -0.0653 -0.0182 0.0061 0.0001 0.0001 0.0012 1.0000
1783881022.8664 0.0884 -0.0223 0.0016 0.0000 -0.0000 0.0050 1.0000
1783881023.2171 0.2462 -0.0190 -0.0025 -0.0000 -0.0002 0.0081 1.0000
1783881023.9386 0.2400 -0.0337 -0.0013 -0.0000 -0.0002 0.0093 1.0000
1783881024.2979 0.1918 -0.0166 0.0008 -0.0000 -0.0002 0.0107 0.9999
1783881024.8878 0.2528 0.0233 0.0032 0.0001 -0.0002 0.0139 0.9999
1783881025.4959 0.2549 0.0163 0.0033 0.0000 -0.0002 0.0156 0.9999
1783881025.8821 0.3781 0.0036 0.0011 -0.0000 -0.0003 0.0191 0.9998
1783881026.4815 0.5057 0.0208 0.0005 -0.0000 -0.0004 0.0226 0.9997
1783881026.8591 0.4479 0.0266 0.0022 -0.0000 -0.0003 0.0251 0.9997
1783881027.5488 0.5018 0.0379 0.0026 0.0000 -0.0003 0.0285 0.9996
1783881027.8918 0.5281 0.0324 0.0026 -0.0000 -0.0004 0.0314 0.9995
1783881028.4919 0.5827 0.0420 0.0017 -0.0000 -0.0004 0.0344 0.9994
1783881028.9734 0.6618 0.0635 0.0031 0.0000 -0.0005 0.0376 0.9993
1783881029.5435 0.6781 0.0352 0.0025 0.0000 -0.0005 0.0395 0.9992
1783881029.9901 0.7559 0.0584 0.0019 -0.0000 -0.0006 0.0425 0.9991
1783881030.6542 0.7438 0.0491 0.0031 -0.0000 -0.0005 0.0441 0.9990
1783881031.0031 0.7484 0.0601 0.0032 0.0000 -0.0005 0.0471 0.9989
1783881031.7432 0.8355 0.0996 0.0023 0.0000 -0.0006 0.0513 0.9987
1783881032.0899 0.9198 0.0976 0.0018 0.0000 -0.0007 0.0547 0.9985
1783881032.6649 0.9898 0.1074 0.0027 0.0000 -0.0007 0.0575 0.9983
1783881033.0908 1.0192 0.1223 0.0026 0.0000 -0.0008 0.0606 0.9982
1783881033.7263 1.0530 0.1180 0.0015 0.0000 -0.0008 0.0642 0.9979
1783881034.0751 1.0899 0.1262 0.0024 0.0000 -0.0008 0.0678 0.9977
1783881034.6342 1.1376 0.1559 0.0018 0.0000 -0.0008 0.0717 0.9974
1783881035.0819 1.1882 0.1696 0.0004 0.0000 -0.0009 0.0762 0.9971
1783881035.7694 1.2581 0.1937 0.0014 0.0000 -0.0010 0.0805 0.9968
1783881036.1270 1.3122 0.1676 -0.0008 0.0000 -0.0010 0.0845 0.9964
1783881036.7828 1.3677 0.1867 -0.0003 -0.0000 -0.0010 0.0885 0.9961
1783881037.1193 1.3922 0.2247 -0.0003 0.0000 -0.0011 0.0926 0.9957
1783881037.7759 1.4241 0.2421 -0.0006 0.0001 -0.0011 0.0967 0.9953
1783881038.1521 1.4712 0.2542 -0.0002 0.0001 -0.0011 0.1009 0.9949
1783881038.7659 1.4837 0.2620 -0.0016 0.0000 -0.0011 0.1039 0.9946
1783881039.1192 1.5462 0.2859 -0.0023 0.0001 -0.0012 0.1080 0.9941
1783881039.7632 1.6107 0.3038 -0.0020 0.0001 -0.0012 0.1119 0.9937
1783881040.3977 1.6608 0.3067 -0.0030 0.0000 -0.0013 0.1159 0.9933
1783881041.0001 1.7076 0.3168 -0.0009 0.0000 -0.0013 0.1197 0.9928
1783881041.5492 1.7622 0.3264 -0.0012 0.0000 -0.0014 0.1241 0.9923
1783881041.9500 1.7935 0.3475 -0.0022 0.0000 -0.0014 0.1284 0.9917
1783881042.5136 1.8364 0.3511 -0.0017 0.0000 -0.0015 0.1331 0.9911
1783881042.8624 1.9050 0.3629 -0.0021 0.0000 -0.0015 0.1376 0.9905
1783881043.4389 1.9262 0.3970 -0.0027 0.0000 -0.0015 0.1425 0.9898
1783881043.8626 1.9726 0.4398 -0.0018 0.0001 -0.0015 0.1475 0.9891
1783881044.4655 2.0163 0.4702 -0.0026 0.0001 -0.0016 0.1534 0.9882
1783881044.9951 2.0522 0.4940 -0.0035 0.0001 -0.0016 0.1593 0.9872
1783881045.5306 2.1447 0.5395 -0.0034 0.0001 -0.0017 0.1668 0.9860
1783881046.0080 2.2259 0.5619 -0.0055 0.0001 -0.0018 0.1741 0.9847
1783881046.5200 2.3122 0.5963 -0.0065 0.0001 -0.0019 0.1828 0.9832
1783881046.9464 2.3941 0.6501 -0.0069 0.0001 -0.0019 0.1916 0.9815
1783881047.5293 2.4530 0.7007 -0.0064 0.0001 -0.0020 0.2019 0.9794
1783881048.0395 2.5429 0.7478 -0.0048 0.0001 -0.0020 0.2114 0.9774
1783881048.5745 2.6240 0.8118 -0.0064 0.0001 -0.0021 0.2213 0.9752
1783881049.0018 2.7091 0.8620 -0.0066 0.0001 -0.0022 0.2297 0.9733
1783881049.6372 2.7744 0.9241 -0.0077 0.0001 -0.0023 0.2385 0.9711
1783881050.0526 2.8925 0.9753 -0.0107 0.0001 -0.0024 0.2466 0.9691
1783881050.6131 3.0030 1.0392 -0.0134 0.0001 -0.0025 0.2550 0.9669
1783881051.0272 3.0911 1.0922 -0.0150 0.0001 -0.0027 0.2622 0.9650
1783881051.6160 3.1715 1.1526 -0.0151 0.0001 -0.0028 0.2704 0.9627
1783881052.1131 3.2328 1.2295 -0.0171 0.0001 -0.0028 0.2786 0.9604
1783881052.6611 3.3097 1.2846 -0.0181 0.0001 -0.0029 0.2865 0.9581
1783881053.1453 3.3969 1.3558 -0.0203 0.0001 -0.0030 0.2935 0.9560
1783881053.7741 3.4618 1.4119 -0.0196 0.0001 -0.0031 0.3010 0.9536
1783881054.1964 3.5244 1.4525 -0.0185 0.0001 -0.0031 0.3074 0.9516
1783881054.7570 3.6017 1.5069 -0.0208 0.0001 -0.0032 0.3135 0.9496
1783881055.2029 3.6337 1.5603 -0.0213 0.0001 -0.0033 0.3187 0.9478
1783881055.7674 3.6604 1.6080 -0.0205 0.0001 -0.0033 0.3254 0.9456
1783881056.1569 3.6978 1.6561 -0.0214 0.0001 -0.0033 0.3324 0.9431
1783881056.8354 3.7737 1.7269 -0.0212 0.0001 -0.0034 0.3394 0.9406
1783881057.3265 3.8432 1.7610 -0.0240 0.0001 -0.0035 0.3452 0.9385
1783881057.9737 3.8932 1.8124 -0.0243 0.0001 -0.0036 0.3523 0.9359
1783881058.4890 3.9392 1.8554 -0.0223 0.0001 -0.0036 0.3596 0.9331
1783881059.2050 4.0025 1.9222 -0.0180 0.0001 -0.0037 0.3668 0.9303
1783881059.8671 4.0579 1.9800 -0.0233 0.0001 -0.0038 0.3733 0.9277
1783881060.3695 4.1119 2.0412 -0.0245 0.0001 -0.0038 0.3798 0.9251
1783881061.0696 4.1539 2.0785 -0.0252 0.0001 -0.0039 0.3847 0.9230
1783881061.5252 4.1636 2.1136 -0.0266 0.0001 -0.0039 0.3888 0.9213
1783881062.2247 4.1783 2.1506 -0.0260 0.0001 -0.0039 0.3928 0.9196
1783881062.6454 4.2043 2.1837 -0.0262 0.0001 -0.0039 0.3972 0.9177
1783881063.3045 4.2015 2.2155 -0.0251 0.0001 -0.0039 0.4005 0.9163
1783881063.7812 4.2299 2.2498 -0.0258 0.0001 -0.0040 0.4040 0.9148
1783881064.4571 4.2529 2.2812 -0.0259 0.0001 -0.0040 0.4077 0.9131
1783881064.8834 4.2862 2.3353 -0.0286 0.0001 -0.0040 0.4127 0.9109
1783881065.5467 4.3170 2.3729 -0.0286 0.0001 -0.0041 0.4175 0.9087
1783881065.9584 4.3413 2.4128 -0.0290 0.0001 -0.0041 0.4225 0.9063
1783881066.6955 4.3838 2.4636 -0.0304 0.0001 -0.0042 0.4281 0.9037
1783881067.1374 4.4341 2.5289 -0.0298 0.0001 -0.0042 0.4342 0.9008
1783881067.8639 4.4718 2.5607 -0.0297 0.0000 -0.0043 0.4384 0.8988
1783881068.3310 4.5079 2.6053 -0.0329 0.0000 -0.0043 0.4422 0.8969
1783881069.0491 4.5078 2.6544 -0.0324 0.0001 -0.0043 0.4457 0.8952
1783881069.4691 4.5223 2.6914 -0.0322 0.0001 -0.0044 0.4500 0.8930
1783881070.0399 4.5339 2.7275 -0.0351 0.0001 -0.0044 0.4537 0.8911
1783881070.5180 4.5713 2.7681 -0.0347 0.0000 -0.0044 0.4577 0.8891
1783881071.1749 4.5836 2.8048 -0.0341 0.0001 -0.0044 0.4617 0.8870
1783881071.5969 4.6069 2.8506 -0.0366 0.0001 -0.0045 0.4653 0.8851
1783881072.2435 4.6296 2.8843 -0.0373 0.0001 -0.0045 0.4682 0.8836
1783881072.6532 4.6435 2.9183 -0.0379 0.0001 -0.0045 0.4714 0.8819
1783881073.2928 4.6564 2.9444 -0.0371 0.0001 -0.0046 0.4748 0.8801
1783881073.7394 4.6718 2.9858 -0.0378 0.0001 -0.0046 0.4790 0.8778
1783881074.3438 4.7050 3.0352 -0.0390 0.0001 -0.0046 0.4822 0.8760
1783881074.7358 4.7345 3.0684 -0.0396 0.0000 -0.0047 0.4854 0.8743
1783881075.3772 4.7484 3.1060 -0.0380 0.0001 -0.0047 0.4886 0.8725
1783881076.0286 4.7642 3.1456 -0.0406 0.0001 -0.0047 0.4928 0.8701
1783881076.4105 4.7794 3.1913 -0.0394 0.0000 -0.0048 0.4959 0.8684
1783881077.0369 4.7989 3.2241 -0.0403 0.0001 -0.0048 0.4989 0.8667
1783881077.4430 4.8159 3.2589 -0.0405 0.0001 -0.0048 0.5016 0.8651
1783881078.2171 4.8172 3.2921 -0.0408 0.0001 -0.0048 0.5052 0.8630
1783881078.5732 4.8341 3.3452 -0.0396 0.0001 -0.0048 0.5087 0.8609
1783881079.2029 4.8745 3.3905 -0.0424 0.0000 -0.0049 0.5121 0.8589
1783881079.6500 4.8892 3.4193 -0.0431 0.0000 -0.0049 0.5152 0.8571
1783881080.3116 4.9076 3.4751 -0.0435 0.0001 -0.0050 0.5189 0.8548
1783881080.6989 4.9261 3.5169 -0.0425 0.0000 -0.0050 0.5219 0.8530
1783881081.4173 4.9304 3.5501 -0.0437 0.0001 -0.0050 0.5252 0.8510
1783881081.7646 4.9363 3.6014 -0.0443 0.0001 -0.0051 0.5287 0.8488
1783881082.5462 4.9641 3.6527 -0.0447 0.0001 -0.0051 0.5319 0.8468
1783881082.8527 4.9742 3.6738 -0.0454 0.0001 -0.0051 0.5343 0.8453
1783881083.5530 4.9822 3.7172 -0.0448 0.0001 -0.0052 0.5370 0.8436
1783881083.9134 5.0046 3.7608 -0.0436 0.0001 -0.0052 0.5401 0.8416
1783881084.6260 5.0166 3.7949 -0.0452 0.0001 -0.0052 0.5433 0.8395
1783881084.9250 5.0405 3.8504 -0.0473 0.0001 -0.0053 0.5461 0.8377
1783881085.5811 5.0454 3.8862 -0.0459 0.0001 -0.0053 0.5491 0.8358
1783881085.9562 5.0511 3.9316 -0.0467 0.0001 -0.0053 0.5523 0.8336
1783881086.5628 5.0822 3.9808 -0.0457 0.0001 -0.0054 0.5556 0.8315
1783881086.9952 5.1024 4.0288 -0.0479 0.0001 -0.0054 0.5581 0.8297
1783881087.6397 5.1097 4.0592 -0.0497 0.0001 -0.0054 0.5604 0.8282
1783881088.0610 5.1307 4.1034 -0.0479 0.0001 -0.0055 0.5626 0.8267
1783881088.8136 5.1151 4.1414 -0.0509 0.0001 -0.0055 0.5654 0.8248
1783881089.1421 5.1239 4.1875 -0.0501 0.0001 -0.0055 0.5683 0.8228
1783881089.7539 5.1650 4.2355 -0.0494 0.0001 -0.0056 0.5708 0.8210
1783881090.1523 5.1827 4.2736 -0.0519 0.0001 -0.0056 0.5733 0.8193
1783881090.9041 5.1944 4.3167 -0.0514 0.0000 -0.0056 0.5760 0.8174
1783881091.2667 5.2201 4.3633 -0.0528 0.0000 -0.0057 0.5784 0.8157
1783881092.0216 5.2272 4.4108 -0.0524 0.0001 -0.0057 0.5809 0.8140
1783881092.3910 5.2222 4.4541 -0.0543 0.0001 -0.0057 0.5835 0.8121
1783881093.0931 5.2406 4.5024 -0.0538 0.0001 -0.0058 0.5859 0.8103
1783881093.4382 5.2427 4.5338 -0.0555 0.0001 -0.0058 0.5877 0.8091
1783881094.2209 5.2490 4.5667 -0.0564 0.0001 -0.0058 0.5897 0.8076
1783881094.5580 5.2395 4.5994 -0.0565 0.0001 -0.0058 0.5917 0.8061
1783881095.2667 5.2405 4.6547 -0.0545 0.0001 -0.0058 0.5941 0.8044
1783881095.9424 5.2892 4.7165 -0.0560 0.0001 -0.0059 0.5961 0.8029
1783881096.4835 5.3050 4.7417 -0.0575 0.0001 -0.0059 0.5979 0.8015
1783881097.0742 5.3141 4.7870 -0.0579 0.0001 -0.0060 0.5997 0.8002
1783881097.5476 5.3004 4.8385 -0.0565 0.0001 -0.0060 0.6019 0.7986
1783881098.1292 5.3118 4.8766 -0.0555 0.0001 -0.0060 0.6035 0.7973
1783881098.5891 5.3083 4.9098 -0.0569 0.0001 -0.0060 0.6052 0.7960
1783881099.1570 5.3029 4.9230 -0.0565 0.0002 -0.0060 0.6069 0.7947
1783881099.6302 5.3294 4.9977 -0.0570 0.0001 -0.0061 0.6089 0.7932
1783881100.2639 5.3496 5.0353 -0.0573 0.0001 -0.0061 0.6106 0.7919
1783881100.7169 5.3773 5.0863 -0.0602 0.0001 -0.0061 0.6122 0.7907
1783881101.2796 5.3517 5.1287 -0.0584 0.0002 -0.0061 0.6137 0.7895
1783881101.7184 5.3507 5.1573 -0.0586 0.0002 -0.0061 0.6155 0.7881
1783881102.3640 5.3492 5.1879 -0.0583 0.0002 -0.0061 0.6169 0.7871
1783881102.7855 5.3752 5.2284 -0.0594 0.0002 -0.0062 0.6183 0.7859
1783881103.3976 5.3753 5.2693 -0.0589 0.0002 -0.0062 0.6196 0.7849
1783881103.9565 5.3885 5.3046 -0.0606 0.0002 -0.0062 0.6212 0.7836
1783881104.5196 5.3808 5.3464 -0.0613 0.0002 -0.0063 0.6230 0.7822
1783881105.0341 5.3874 5.3955 -0.0612 0.0002 -0.0062 0.6246 0.7809
1783881105.6341 5.3892 5.4370 -0.0609 0.0002 -0.0063 0.6260 0.7798
1783881106.0712 5.4082 5.4801 -0.0621 0.0002 -0.0063 0.6277 0.7785
1783881106.6531 5.4247 5.5506 -0.0633 0.0002 -0.0063 0.6292 0.7772
1783881107.1205 5.4257 5.5827 -0.0632 0.0002 -0.0064 0.6306 0.7760
1783881107.6772 5.4320 5.6309 -0.0627 0.0002 -0.0064 0.6323 0.7747
1783881108.2211 5.4360 5.6694 -0.0618 0.0003 -0.0064 0.6336 0.7736
1783881108.8044 5.4305 5.6969 -0.0639 0.0003 -0.0064 0.6345 0.7729
1783881109.2011 5.4473 5.7284 -0.0642 0.0003 -0.0065 0.6358 0.7718
1783881109.7501 5.4354 5.7640 -0.0657 0.0002 -0.0064 0.6369 0.7709
1783881110.1870 5.4622 5.8258 -0.0650 0.0003 -0.0065 0.6382 0.7699
1783881110.8537 5.4874 5.8893 -0.0649 0.0003 -0.0066 0.6395 0.7688
1783881111.4334 5.5019 5.9326 -0.0667 0.0003 -0.0066 0.6406 0.7678
1783881111.8297 5.5181 5.9743 -0.0665 0.0003 -0.0066 0.6417 0.7669
1783881112.4575 5.4952 6.0099 -0.0673 0.0003 -0.0066 0.6430 0.7658
1783881112.8860 5.4987 6.0481 -0.0667 0.0003 -0.0067 0.6441 0.7649
1783881113.5888 5.5007 6.0935 -0.0671 0.0003 -0.0067 0.6453 0.7639
1783881114.0120 5.5034 6.1443 -0.0672 0.0004 -0.0067 0.6465 0.7629
1783881114.6884 5.4948 6.1732 -0.0694 0.0004 -0.0067 0.6476 0.7620
1783881115.1433 5.4953 6.2150 -0.0692 0.0004 -0.0067 0.6485 0.7612
1783881115.8014 5.5068 6.2663 -0.0710 0.0004 -0.0068 0.6493 0.7605
1783881116.2335 5.5148 6.2863 -0.0711 0.0004 -0.0068 0.6502 0.7597
1783881116.8651 5.5219 6.3529 -0.0709 0.0004 -0.0068 0.6512 0.7589
1783881117.3171 5.5335 6.4039 -0.0693 0.0004 -0.0068 0.6521 0.7581
1783881117.9742 5.5403 6.4417 -0.0703 0.0004 -0.0069 0.6530 0.7573
1783881118.4417 5.5486 6.4878 -0.0728 0.0005 -0.0069 0.6541 0.7564
1783881119.0354 5.5607 6.5409 -0.0731 0.0005 -0.0070 0.6550 0.7556
1783881119.4745 5.5554 6.5705 -0.0733 0.0005 -0.0070 0.6556 0.7550
1783881120.0810 5.5496 6.6086 -0.0747 0.0005 -0.0070 0.6563 0.7545
1783881120.5251 5.5563 6.6512 -0.0758 0.0005 -0.0070 0.6573 0.7536
1783881121.1112 5.5516 6.6885 -0.0729 0.0005 -0.0070 0.6583 0.7527
1783881121.5355 5.5612 6.7541 -0.0735 0.0005 -0.0070 0.6591 0.7520
1783881122.1629 5.5808 6.7903 -0.0737 0.0005 -0.0071 0.6597 0.7515
1783881122.6010 5.5963 6.8352 -0.0735 0.0006 -0.0071 0.6605 0.7508
1783881123.1548 5.5956 6.8738 -0.0756 0.0006 -0.0071 0.6612 0.7502
1783881123.5784 5.6074 6.9138 -0.0749 0.0006 -0.0071 0.6618 0.7497
1783881124.2698 5.5960 6.9383 -0.0750 0.0006 -0.0072 0.6624 0.7491
1783881124.7025 5.5867 6.9772 -0.0777 0.0006 -0.0072 0.6629 0.7486
1783881125.3195 5.5704 7.0103 -0.0764 0.0006 -0.0072 0.6636 0.7480
1783881125.7373 5.5812 7.0432 -0.0776 0.0007 -0.0072 0.6643 0.7474
1783881126.4158 5.5837 7.0854 -0.0785 0.0006 -0.0072 0.6646 0.7471
1783881126.8813 5.6056 7.1321 -0.0761 0.0006 -0.0072 0.6650 0.7468
1783881127.5217 5.6015 7.1696 -0.0796 0.0007 -0.0073 0.6655 0.7464
1783881127.9832 5.5993 7.2122 -0.0764 0.0007 -0.0073 0.6659 0.7460
1783881128.6735 5.5934 7.2521 -0.0772 0.0007 -0.0073 0.6663 0.7457
1783881129.0391 5.6060 7.3140 -0.0761 0.0008 -0.0074 0.6668 0.7452
1783881129.7539 5.6081 7.3475 -0.0773 0.0008 -0.0074 0.6671 0.7449
1783881130.1541 5.6357 7.3852 -0.0791 0.0007 -0.0074 0.6675 0.7445
1783881130.8070 5.6448 7.4332 -0.0814 0.0008 -0.0074 0.6679 0.7442
1783881131.4722 5.6279 7.4630 -0.0801 0.0008 -0.0075 0.6683 0.7439
1783881131.8985 5.6068 7.4957 -0.0778 0.0008 -0.0074 0.6687 0.7435
1783881132.5772 5.6392 7.5638 -0.0816 0.0008 -0.0075 0.6691 0.7431
1783881132.9661 5.6576 7.6120 -0.0828 0.0008 -0.0075 0.6694 0.7429
1783881133.6853 5.6596 7.6534 -0.0839 0.0008 -0.0076 0.6697 0.7426
1783881134.0697 5.6521 7.6945 -0.0814 0.0009 -0.0076 0.6701 0.7422
1783881134.6975 5.6481 7.7397 -0.0820 0.0009 -0.0076 0.6705 0.7419
1783881135.0888 5.6424 7.7601 -0.0820 0.0009 -0.0076 0.6708 0.7416
1783881135.9170 5.6222 7.7703 -0.0825 0.0009 -0.0076 0.6710 0.7414
1783881136.2413 5.6435 7.8591 -0.0841 0.0010 -0.0077 0.6714 0.7410
1783881136.9024 5.6613 7.8936 -0.0849 0.0009 -0.0077 0.6717 0.7408
1783881137.3345 5.6863 7.9378 -0.0852 0.0009 -0.0077 0.6720 0.7405
1783881138.0214 5.6736 7.9832 -0.0835 0.0010 -0.0077 0.6724 0.7402
1783881138.3970 5.6576 8.0115 -0.0843 0.0010 -0.0077 0.6728 0.7398
1783881139.0653 5.6678 8.0563 -0.0844 0.0010 -0.0078 0.6730 0.7396
1783881139.3929 5.6920 8.1179 -0.0833 0.0010 -0.0078 0.6734 0.7393
1783881140.0227 5.6953 8.1501 -0.0843 0.0010 -0.0078 0.6736 0.7391
1783881140.4092 5.6791 8.1997 -0.0833 0.0011 -0.0079 0.6738 0.7388
1783881141.1774 5.6699 8.2519 -0.0820 0.0011 -0.0079 0.6742 0.7385
1783881141.5247 5.6571 8.2678 -0.0835 0.0011 -0.0079 0.6745 0.7383
1783881142.0959 5.6655 8.3139 -0.0841 0.0012 -0.0079 0.6747 0.7380
1783881142.4928 5.6714 8.3595 -0.0866 0.0012 -0.0079 0.6751 0.7377
1783881143.0990 5.6864 8.4112 -0.0847 0.0012 -0.0080 0.6754 0.7374
1783881143.5103 5.6947 8.4563 -0.0852 0.0012 -0.0080 0.6757 0.7371
1783881144.2307 5.6988 8.4928 -0.0849 0.0012 -0.0080 0.6760 0.7369
1783881144.6266 5.6961 8.5303 -0.0870 0.0012 -0.0080 0.6763 0.7366
1783881145.2839 5.7033 8.5806 -0.0852 0.0013 -0.0080 0.6765 0.7364
1783881145.7012 5.7110 8.6303 -0.0866 0.0013 -0.0081 0.6768 0.7361
1783881146.4301 5.7062 8.6817 -0.0862 0.0013 -0.0081 0.6771 0.7358
1783881147.0707 5.7042 8.7208 -0.0891 0.0013 -0.0081 0.6773 0.7356
1783881147.5174 5.7054 8.7531 -0.0883 0.0013 -0.0081 0.6775 0.7355
1783881148.1168 5.7044 8.7876 -0.0881 0.0013 -0.0081 0.6777 0.7353
1783881148.5395 5.6941 8.8068 -0.0883 0.0013 -0.0082 0.6779 0.7351
1783881149.0854 5.7020 8.8881 -0.0865 0.0014 -0.0082 0.6781 0.7349
1783881149.4973 5.7045 8.9346 -0.0889 0.0014 -0.0082 0.6783 0.7347
1783881150.0498 5.7178 8.9762 -0.0886 0.0014 -0.0083 0.6785 0.7345
1783881150.4938 5.7086 9.0223 -0.0901 0.0014 -0.0083 0.6788 0.7343
1783881151.0622 5.7002 9.0719 -0.0875 0.0015 -0.0083 0.6790 0.7341
1783881151.6011 5.6983 9.0895 -0.0904 0.0015 -0.0083 0.6791 0.7340
1783881152.1495 5.7076 9.1288 -0.0912 0.0015 -0.0083 0.6793 0.7338
1783881152.6094 5.7000 9.1595 -0.0927 0.0015 -0.0083 0.6795 0.7337
1783881153.2454 5.7093 9.2161 -0.0937 0.0015 -0.0084 0.6798 0.7334
1783881153.7451 5.7209 9.2736 -0.0910 0.0015 -0.0084 0.6800 0.7332
1783881154.3339 5.7350 9.3125 -0.0891 0.0016 -0.0084 0.6802 0.7330
1783881154.8097 5.7332 9.3517 -0.0915 0.0016 -0.0085 0.6803 0.7328
1783881155.4477 5.7209 9.3798 -0.0968 0.0016 -0.0085 0.6805 0.7327
1783881155.8069 5.7473 9.4373 -0.0945 0.0016 -0.0085 0.6807 0.7325
1783881156.4356 5.7649 9.4958 -0.0920 0.0016 -0.0085 0.6809 0.7323
1783881156.9241 5.7763 9.5388 -0.0928 0.0016 -0.0086 0.6811 0.7321
1783881157.5495 5.7643 9.5884 -0.0914 0.0017 -0.0086 0.6813 0.7319
1783881158.0212 5.7569 9.6232 -0.0915 0.0017 -0.0086 0.6815 0.7318
1783881158.6249 5.7468 9.6354 -0.0924 0.0017 -0.0086 0.6816 0.7317
1783881159.0857 5.7497 9.6945 -0.0947 0.0017 -0.0087 0.6817 0.7316
1783881159.7025 5.7550 9.7363 -0.0951 0.0018 -0.0087 0.6819 0.7314
1783881160.2122 5.7535 9.7836 -0.0955 0.0018 -0.0087 0.6820 0.7313
1783881160.8084 5.7616 9.8379 -0.0936 0.0018 -0.0087 0.6822 0.7311
1783881161.2608 5.7508 9.8634 -0.0960 0.0018 -0.0088 0.6823 0.7310
1783881161.8412 5.7674 9.9243 -0.0944 0.0018 -0.0088 0.6826 0.7308
1783881162.3100 5.7712 9.9718 -0.0941 0.0019 -0.0088 0.6827 0.7307
1783881162.9097 5.7803 10.0015 -0.0960 0.0019 -0.0088 0.6828 0.7305
1783881163.3610 5.7696 10.0331 -0.0961 0.0019 -0.0088 0.6829 0.7304
1783881163.9595 5.7626 10.0633 -0.0994 0.0019 -0.0088 0.6831 0.7303
1783881164.4885 5.7779 10.1335 -0.0958 0.0019 -0.0089 0.6832 0.7301
1783881165.0746 5.8013 10.1760 -0.0974 0.0019 -0.0089 0.6834 0.7300
1783881165.5273 5.8028 10.2271 -0.0966 0.0019 -0.0089 0.6836 0.7298
1783881166.0853 5.7927 10.2657 -0.0956 0.0020 -0.0089 0.6837 0.7297
1783881166.7634 5.7797 10.3040 -0.0970 0.0020 -0.0089 0.6838 0.7296
1783881167.1551 5.7767 10.3308 -0.1011 0.0020 -0.0089 0.6840 0.7295
1783881167.9150 5.7919 10.3975 -0.0975 0.0021 -0.0090 0.6841 0.7293
1783881168.3344 5.7984 10.4569 -0.0976 0.0021 -0.0090 0.6843 0.7292
1783881169.0217 5.8148 10.4904 -0.0978 0.0021 -0.0090 0.6844 0.7290
1783881169.3786 5.8129 10.5238 -0.0980 0.0021 -0.0090 0.6845 0.7290
1783881170.0741 5.8013 10.5650 -0.0958 0.0021 -0.0090 0.6847 0.7288
1783881170.5293 5.7898 10.5941 -0.0964 0.0022 -0.0091 0.6848 0.7287
1783881171.1851 5.8029 10.6531 -0.0951 0.0022 -0.0091 0.6848 0.7286
1783881171.5701 5.8113 10.7062 -0.0947 0.0022 -0.0091 0.6850 0.7285
1783881172.1954 5.8182 10.7529 -0.0949 0.0022 -0.0091 0.6851 0.7284
1783881172.5708 5.8118 10.7967 -0.0955 0.0022 -0.0091 0.6852 0.7283
1783881173.2203 5.8125 10.8336 -0.0963 0.0023 -0.0092 0.6853 0.7282
1783881173.6931 5.8125 10.8751 -0.0960 0.0023 -0.0092 0.6854 0.7281
1783881174.3345 5.8095 10.8883 -0.0970 0.0023 -0.0092 0.6856 0.7280
1783881174.7762 5.8168 10.9651 -0.0939 0.0024 -0.0093 0.6856 0.7279
1783881175.4394 5.8401 11.0169 -0.0949 0.0023 -0.0093 0.6858 0.7277
1783881175.8770 5.8607 11.0615 -0.0966 0.0024 -0.0093 0.6859 0.7277
1783881176.5363 5.8411 11.1001 -0.0946 0.0024 -0.0093 0.6859 0.7276
1783881176.9885 5.8402 11.1273 -0.0964 0.0024 -0.0093 0.6860 0.7275
1783881177.6535 5.8322 11.1583 -0.0936 0.0025 -0.0094 0.6861 0.7274
1783881178.0739 5.8225 11.1814 -0.0983 0.0024 -0.0094 0.6862 0.7274
1783881178.6825 5.8304 11.2389 -0.0966 0.0025 -0.0094 0.6863 0.7273
1783881179.1264 5.8308 11.2853 -0.0967 0.0025 -0.0095 0.6864 0.7272
1783881179.8245 5.8351 11.3334 -0.0955 0.0025 -0.0095 0.6865 0.7271
1783881180.2873 5.8407 11.3735 -0.0950 0.0025 -0.0095 0.6865 0.7271
1783881180.9056 5.8479 11.4044 -0.0953 0.0025 -0.0095 0.6866 0.7269
1783881181.3077 5.8449 11.4409 -0.0985 0.0025 -0.0095 0.6868 0.7268
1783881181.9682 5.8402 11.4870 -0.0964 0.0026 -0.0096 0.6868 0.7267
1783881182.6531 5.8440 11.5181 -0.0971 0.0026 -0.0096 0.6869 0.7267
1783881183.0872 5.8459 11.5549 -0.0981 0.0026 -0.0096 0.6870 0.7266
1783881183.6980 5.8515 11.5952 -0.0972 0.0026 -0.0097 0.6871 0.7265
1783881184.1330 5.8585 11.6100 -0.0988 0.0026 -0.0097 0.6872 0.7264
1783881184.7733 5.8469 11.6265 -0.0980 0.0026 -0.0097 0.6872 0.7264
1783881185.1582 5.8429 11.6550 -0.1000 0.0026 -0.0097 0.6873 0.7263
1783881185.7725 5.8607 11.7255 -0.1005 0.0027 -0.0097 0.6874 0.7262
1783881186.1871 5.8763 11.7729 -0.0983 0.0027 -0.0097 0.6875 0.7261
1783881186.9133 5.8772 11.8157 -0.0996 0.0027 -0.0098 0.6876 0.7260
1783881187.3007 5.8769 11.8631 -0.0985 0.0028 -0.0098 0.6877 0.7259
1783881188.0014 5.8653 11.8983 -0.1003 0.0028 -0.0098 0.6878 0.7258
1783881188.3938 5.8607 11.9130 -0.1039 0.0027 -0.0098 0.6879 0.7258
1783881189.1967 5.8636 11.9620 -0.0993 0.0028 -0.0098 0.6879 0.7257
1783881189.5158 5.8661 11.9947 -0.1049 0.0027 -0.0099 0.6881 0.7256
1783881190.2064 5.8801 12.0523 -0.1024 0.0028 -0.0099 0.6882 0.7255
1783881190.5635 5.8892 12.0900 -0.0990 0.0028 -0.0099 0.6882 0.7254
1783881191.3267 5.8963 12.1272 -0.0987 0.0028 -0.0099 0.6883 0.7253
1783881191.6957 5.9031 12.1409 -0.1007 0.0028 -0.0099 0.6883 0.7253
1783881192.4293 5.8952 12.1669 -0.0997 0.0028 -0.0100 0.6884 0.7252
1783881192.8294 5.8849 12.2060 -0.0985 0.0029 -0.0100 0.6886 0.7251
1783881193.5294 5.8702 12.2231 -0.0998 0.0029 -0.0100 0.6887 0.7250
1783881193.9470 5.8845 12.2715 -0.0996 0.0029 -0.0100 0.6886 0.7250
1783881194.6036 5.8846 12.3206 -0.0989 0.0029 -0.0101 0.6887 0.7249
1783881195.0096 5.8833 12.3575 -0.0987 0.0029 -0.0101 0.6888 0.7249
1783881195.8092 5.8839 12.3985 -0.0984 0.0030 -0.0101 0.6889 0.7248
1783881196.1544 5.8789 12.4487 -0.1004 0.0030 -0.0101 0.6890 0.7246
1783881196.8397 5.8832 12.4838 -0.1005 0.0030 -0.0101 0.6892 0.7245
1783881197.2441 5.8926 12.5260 -0.1000 0.0030 -0.0102 0.6893 0.7244
1783881197.8890 5.8951 12.5599 -0.1014 0.0030 -0.0102 0.6894 0.7243
1783881198.2498 5.8919 12.5954 -0.1009 0.0030 -0.0102 0.6895 0.7242
1783881198.9811 5.8820 12.6178 -0.1052 0.0030 -0.0102 0.6895 0.7242
1783881199.3139 5.8920 12.6816 -0.1013 0.0031 -0.0102 0.6895 0.7242
1783881199.9549 5.9068 12.7400 -0.0998 0.0031 -0.0102 0.6896 0.7241
1783881200.3355 5.9115 12.7823 -0.1006 0.0031 -0.0102 0.6897 0.7240
1783881201.0726 5.9073 12.8258 -0.1012 0.0032 -0.0103 0.6898 0.7240
1783881201.4182 5.9141 12.8519 -0.1010 0.0032 -0.0103 0.6899 0.7239
1783881202.2051 5.9076 12.8949 -0.1016 0.0032 -0.0103 0.6899 0.7238
1783881202.8720 5.9078 12.9274 -0.1021 0.0032 -0.0104 0.6901 0.7237
1783881203.2933 5.9184 12.9885 -0.0980 0.0032 -0.0104 0.6903 0.7235
1783881203.8510 5.9190 13.0255 -0.0998 0.0032 -0.0105 0.6903 0.7234
1783881204.3691 5.9158 13.0682 -0.0985 0.0033 -0.0105 0.6903 0.7234
1783881205.0086 5.9115 13.0681 -0.1005 0.0032 -0.0105 0.6902 0.7235
1783881205.4334 5.9253 13.1228 -0.0976 0.0033 -0.0105 0.6900 0.7237
1783881206.0731 5.9288 13.1508 -0.0966 0.0033 -0.0105 0.6899 0.7238
1783881206.4182 5.9213 13.1640 -0.0986 0.0033 -0.0105 0.6898 0.7239
1783881207.1295 5.9351 13.2350 -0.0991 0.0033 -0.0106 0.6896 0.7241
1783881207.5448 5.9299 13.2735 -0.0997 0.0033 -0.0106 0.6892 0.7245
1783881208.1166 5.9417 13.3186 -0.1001 0.0033 -0.0106 0.6889 0.7247
1783881208.5933 5.9385 13.3497 -0.1008 0.0034 -0.0106 0.6886 0.7250
1783881209.2188 5.9355 13.4056 -0.0984 0.0034 -0.0106 0.6883 0.7254
1783881209.6414 5.9532 13.4513 -0.0975 0.0034 -0.0107 0.6881 0.7255
1783881210.2611 5.9587 13.4932 -0.0968 0.0035 -0.0107 0.6879 0.7257
1783881210.7612 5.9580 13.5278 -0.0962 0.0035 -0.0107 0.6876 0.7260
1783881211.2783 5.9492 13.5505 -0.0996 0.0035 -0.0107 0.6873 0.7263
1783881211.8193 5.9788 13.6262 -0.0955 0.0035 -0.0108 0.6870 0.7266
1783881212.4404 5.9859 13.6585 -0.0935 0.0036 -0.0108 0.6867 0.7269
1783881212.8692 5.9891 13.7190 -0.0952 0.0036 -0.0108 0.6863 0.7272
1783881213.4710 5.9745 13.7450 -0.0966 0.0036 -0.0108 0.6860 0.7275
1783881213.8109 5.9699 13.7819 -0.0968 0.0036 -0.0108 0.6856 0.7279
1783881214.4141 5.9634 13.8109 -0.0972 0.0036 -0.0108 0.6852 0.7282
1783881214.8633 5.9739 13.8503 -0.0968 0.0036 -0.0109 0.6849 0.7286
1783881215.4606 5.9915 13.8963 -0.0976 0.0037 -0.0109 0.6844 0.7290
1783881215.8965 5.9798 13.9366 -0.0992 0.0037 -0.0109 0.6837 0.7297
1783881216.5004 5.9679 13.9616 -0.0966 0.0037 -0.0109 0.6833 0.7300
1783881216.8964 5.9709 13.9972 -0.1005 0.0037 -0.0109 0.6829 0.7304
1783881217.4919 5.9725 14.0410 -0.1002 0.0038 -0.0110 0.6824 0.7308
1783881218.0967 5.9876 14.0991 -0.0995 0.0038 -0.0110 0.6820 0.7313
1783881218.5802 6.0011 14.1410 -0.0985 0.0038 -0.0110 0.6817 0.7316
1783881219.1729 6.0081 14.1729 -0.0985 0.0038 -0.0110 0.6812 0.7320
1783881219.5984 5.9943 14.1888 -0.1005 0.0038 -0.0111 0.6806 0.7326
1783881220.2712 6.0051 14.2314 -0.0995 0.0039 -0.0111 0.6801 0.7330
1783881220.7293 5.9883 14.2283 -0.0957 0.0039 -0.0111 0.6794 0.7336
1783881221.2839 5.9964 14.2592 -0.0995 0.0039 -0.0111 0.6787 0.7344
1783881221.8612 6.0233 14.2811 -0.0985 0.0039 -0.0111 0.6781 0.7349
1783881222.4658 6.0108 14.3043 -0.0983 0.0039 -0.0111 0.6773 0.7357
1783881222.8333 6.0118 14.3233 -0.0988 0.0039 -0.0111 0.6763 0.7365
1783881223.4559 6.0202 14.3606 -0.0987 0.0040 -0.0111 0.6753 0.7375
1783881223.9186 6.0251 14.3835 -0.0988 0.0040 -0.0111 0.6741 0.7386
1783881224.5154 6.0271 14.4150 -0.0970 0.0040 -0.0112 0.6730 0.7396
1783881224.9981 6.0224 14.4325 -0.0993 0.0040 -0.0112 0.6721 0.7404
1783881225.6133 6.0360 14.4685 -0.1004 0.0040 -0.0112 0.6706 0.7417
1783881226.0487 6.0488 14.4977 -0.0995 0.0041 -0.0112 0.6696 0.7427
1783881226.5766 6.0385 14.5031 -0.0982 0.0041 -0.0112 0.6684 0.7437
1783881227.0413 6.0414 14.5267 -0.0971 0.0041 -0.0112 0.6671 0.7448
1783881227.6466 6.0460 14.5555 -0.1009 0.0041 -0.0112 0.6656 0.7462
1783881228.1003 6.0698 14.5896 -0.1001 0.0042 -0.0113 0.6646 0.7471
1783881228.7646 6.0634 14.6014 -0.1016 0.0042 -0.0112 0.6638 0.7478
1783881229.2240 6.0670 14.6172 -0.0978 0.0042 -0.0112 0.6628 0.7487
1783881229.8619 6.0686 14.6382 -0.1002 0.0042 -0.0113 0.6613 0.7501
1783881230.3371 6.0730 14.6649 -0.0988 0.0043 -0.0113 0.6596 0.7516
1783881230.9810 6.0930 14.6933 -0.0987 0.0043 -0.0113 0.6578 0.7531
1783881231.3972 6.0890 14.7184 -0.1000 0.0044 -0.0113 0.6561 0.7546
1783881232.1261 6.0964 14.7371 -0.1005 0.0044 -0.0113 0.6540 0.7564
1783881232.5312 6.1045 14.7617 -0.1018 0.0044 -0.0113 0.6524 0.7578
1783881233.1486 6.1157 14.7946 -0.1050 0.0044 -0.0113 0.6518 0.7583
1783881233.5234 6.1273 14.8186 -0.1044 0.0044 -0.0113 0.6516 0.7584
1783881234.1202 6.1296 14.8510 -0.1036 0.0044 -0.0114 0.6515 0.7586
1783881234.5493 6.1340 14.8776 -0.1015 0.0044 -0.0114 0.6512 0.7588
1783881235.1794 6.1405 14.8916 -0.1011 0.0044 -0.0114 0.6509 0.7591
1783881235.6099 6.1473 14.9119 -0.1021 0.0044 -0.0114 0.6508 0.7591
1783881236.2596 6.1465 14.9351 -0.1009 0.0044 -0.0114 0.6509 0.7590
1783881236.6899 6.1441 14.9505 -0.1005 0.0044 -0.0114 0.6511 0.7589
1783881237.3708 6.1398 14.9762 -0.1023 0.0044 -0.0114 0.6514 0.7587
1783881238.0032 6.1460 15.0018 -0.1026 0.0044 -0.0114 0.6517 0.7584
1783881238.4658 6.1514 15.0304 -0.1029 0.0044 -0.0114 0.6522 0.7579
1783881239.0100 6.1426 15.0540 -0.1014 0.0045 -0.0115 0.6528 0.7575
1783881239.4591 6.1751 15.1032 -0.0983 0.0045 -0.0115 0.6535 0.7568
1783881240.0650 6.1643 15.1231 -0.0968 0.0045 -0.0115 0.6539 0.7565
1783881240.4428 6.1731 15.1371 -0.0986 0.0045 -0.0115 0.6547 0.7558
1783881241.0611 6.1661 15.1596 -0.0983 0.0045 -0.0115 0.6556 0.7550
1783881241.5246 6.1742 15.1817 -0.0990 0.0045 -0.0116 0.6568 0.7540
1783881242.1458 6.1682 15.2128 -0.0993 0.0045 -0.0116 0.6576 0.7532
1783881242.5866 6.1660 15.2391 -0.0998 0.0045 -0.0116 0.6589 0.7521
1783881243.2004 6.1706 15.2823 -0.0969 0.0045 -0.0116 0.6599 0.7512
1783881243.5960 6.1907 15.3040 -0.0970 0.0045 -0.0116 0.6610 0.7503
1783881244.2206 6.1818 15.3266 -0.0978 0.0045 -0.0117 0.6621 0.7493
1783881244.6320 6.1841 15.3487 -0.0989 0.0044 -0.0117 0.6634 0.7482
1783881245.2612 6.1816 15.3781 -0.0998 0.0044 -0.0117 0.6647 0.7470
1783881245.6388 6.1715 15.4126 -0.0947 0.0045 -0.0117 0.6660 0.7459
1783881246.3227 6.1803 15.4433 -0.0972 0.0045 -0.0118 0.6672 0.7448
1783881246.6997 6.1792 15.4483 -0.0983 0.0044 -0.0118 0.6686 0.7435
1783881247.4110 6.1745 15.4879 -0.0966 0.0044 -0.0118 0.6700 0.7422
1783881247.7977 6.1818 15.5156 -0.0973 0.0044 -0.0118 0.6716 0.7408
1783881248.4915 6.1821 15.5368 -0.0993 0.0044 -0.0118 0.6730 0.7395
1783881248.8573 6.1812 15.5643 -0.1004 0.0044 -0.0119 0.6746 0.7381
1783881249.6051 6.1852 15.5976 -0.0969 0.0044 -0.0119 0.6758 0.7370
1783881249.9893 6.2023 15.6121 -0.0975 0.0044 -0.0119 0.6769 0.7360
1783881250.6021 6.1806 15.6268 -0.0959 0.0044 -0.0119 0.6780 0.7350
1783881250.9833 6.1762 15.6392 -0.0991 0.0044 -0.0119 0.6794 0.7336
1783881251.6260 6.1704 15.6710 -0.0986 0.0044 -0.0119 0.6810 0.7322
1783881252.0647 6.1820 15.6957 -0.1006 0.0044 -0.0119 0.6823 0.7310
1783881252.6442 6.1839 15.7071 -0.1006 0.0044 -0.0120 0.6836 0.7298
1783881253.4024 6.1649 15.7392 -0.0989 0.0044 -0.0120 0.6850 0.7284
1783881253.9227 6.1854 15.7574 -0.0952 0.0044 -0.0120 0.6863 0.7272
1783881254.4791 6.1756 15.7726 -0.0972 0.0043 -0.0120 0.6876 0.7259
1783881254.9745 6.1777 15.7991 -0.0992 0.0043 -0.0120 0.6892 0.7244
1783881255.6014 6.1718 15.8233 -0.0985 0.0043 -0.0120 0.6909 0.7228
1783881255.9815 6.1767 15.8500 -0.0991 0.0043 -0.0121 0.6925 0.7213
1783881256.5770 6.1739 15.8691 -0.1011 0.0043 -0.0121 0.6938 0.7200
1783881257.0181 6.1709 15.8958 -0.0993 0.0043 -0.0121 0.6952 0.7187
1783881257.6385 6.1712 15.9288 -0.0977 0.0043 -0.0121 0.6970 0.7170
1783881258.0928 6.1645 15.9424 -0.0949 0.0043 -0.0121 0.6982 0.7158
1783881258.6752 6.1697 15.9651 -0.0933 0.0043 -0.0121 0.6997 0.7143
1783881259.1310 6.1653 15.9886 -0.0969 0.0043 -0.0122 0.7013 0.7127
1783881259.7638 6.1597 15.9991 -0.0945 0.0043 -0.0122 0.7030 0.7111
1783881260.2260 6.1552 16.0280 -0.0931 0.0043 -0.0122 0.7046 0.7095
1783881260.8612 6.1571 16.0643 -0.0873 0.0043 -0.0122 0.7060 0.7081
1783881261.4063 6.1543 16.0816 -0.0894 0.0043 -0.0122 0.7073 0.7068
1783881262.0104 6.1411 16.0912 -0.0922 0.0042 -0.0122 0.7090 0.7051
1783881262.4414 6.1323 16.1139 -0.0912 0.0042 -0.0122 0.7106 0.7035
1783881263.0690 6.1298 16.1487 -0.0944 0.0042 -0.0123 0.7125 0.7016
1783881263.4810 6.1366 16.1813 -0.0917 0.0042 -0.0123 0.7143 0.6998
1783881264.1321 6.1200 16.2009 -0.0920 0.0042 -0.0123 0.7160 0.6980
1783881264.5743 6.1244 16.2240 -0.0909 0.0042 -0.0123 0.7177 0.6962
1783881265.2091 6.1143 16.2523 -0.0876 0.0042 -0.0124 0.7191 0.6947
1783881265.6923 6.1177 16.2683 -0.0861 0.0042 -0.0124 0.7206 0.6933
1783881266.3093 6.1038 16.2800 -0.0931 0.0041 -0.0124 0.7223 0.6914
1783881266.8067 6.1034 16.3162 -0.0938 0.0041 -0.0124 0.7242 0.6895
1783881267.3771 6.1076 16.3395 -0.0865 0.0041 -0.0124 0.7259 0.6877
1783881267.8692 6.0999 16.3562 -0.0888 0.0041 -0.0125 0.7272 0.6863
1783881268.4861 6.0958 16.3827 -0.0907 0.0041 -0.0125 0.7291 0.6843
1783881268.9494 6.0863 16.4038 -0.0878 0.0041 -0.0125 0.7308 0.6825
1783881269.5732 6.0844 16.4304 -0.0833 0.0041 -0.0125 0.7327 0.6804
1783881270.0750 6.0879 16.4610 -0.0882 0.0041 -0.0125 0.7346 0.6783
1783881270.6079 6.0726 16.4839 -0.0864 0.0041 -0.0125 0.7366 0.6762
1783881271.1090 6.0708 16.5027 -0.0868 0.0040 -0.0126 0.7386 0.6741
1783881271.6691 6.0683 16.5369 -0.0835 0.0040 -0.0126 0.7403 0.6721
1783881274.1112 6.0529 16.5438 -0.0916 0.0040 -0.0126 0.7416 0.6707
1783881274.1256 6.0529 16.5697 -0.0917 0.0039 -0.0126 0.7432 0.6689
1783881274.1256 6.0560 16.5740 -0.0865 0.0040 -0.0126 0.7438 0.6683
1783881274.1256 6.0649 16.5888 -0.0844 0.0040 -0.0127 0.7442 0.6679
1783881274.1340 6.0563 16.5706 -0.0884 0.0039 -0.0127 0.7446 0.6674
1783881274.1340 6.0413 16.6014 -0.0889 0.0039 -0.0127 0.7457 0.6661
1783881274.1408 6.0388 16.6167 -0.0895 0.0039 -0.0127 0.7473 0.6644
1783881274.8388 6.0423 16.6471 -0.0835 0.0039 -0.0127 0.7491 0.6623
1783881275.8011 6.0421 16.6797 -0.0844 0.0039 -0.0127 0.7511 0.6601
1783881276.2599 6.0407 16.6941 -0.0879 0.0038 -0.0127 0.7529 0.6580
1783881277.0369 6.0380 16.7064 -0.0879 0.0038 -0.0127 0.7537 0.6571
1783881277.3992 6.0204 16.6972 -0.0916 0.0038 -0.0128 0.7542 0.6565
1783881277.9059 6.0210 16.7224 -0.0855 0.0038 -0.0128 0.7552 0.6553
1783881278.2444 5.9997 16.7282 -0.0861 0.0038 -0.0128 0.7565 0.6538
1783881280.4233 5.9957 16.7684 -0.0863 0.0038 -0.0128 0.7578 0.6523
1783881280.4448 5.9877 16.8061 -0.0901 0.0038 -0.0128 0.7592 0.6508
1783881280.4449 5.9893 16.8289 -0.0930 0.0037 -0.0129 0.7608 0.6489
1783881280.4449 5.9908 16.8664 -0.0898 0.0037 -0.0129 0.7627 0.6466
1783881280.4449 5.9619 16.8836 -0.0900 0.0037 -0.0129 0.7646 0.6444
1783881280.4449 5.9534 16.9113 -0.0910 0.0037 -0.0129 0.7669 0.6417
1783881283.4104 5.9480 16.9226 -0.0906 0.0037 -0.0130 0.7692 0.6388
1783881283.4104 5.9322 16.9495 -0.0902 0.0036 -0.0130 0.7713 0.6364
1783881283.4113 5.9128 16.9555 -0.0943 0.0036 -0.0130 0.7725 0.6349
1783881283.4113 5.9282 16.9847 -0.0951 0.0036 -0.0130 0.7736 0.6335
1783881283.4215 5.9224 17.0201 -0.0937 0.0036 -0.0131 0.7745 0.6324
1783881283.4216 5.9062 17.0368 -0.0930 0.0036 -0.0130 0.7756 0.6311
1783881283.4219 5.8993 17.0511 -0.0960 0.0035 -0.0131 0.7769 0.6295
1783881283.7738 5.8856 17.0743 -0.0968 0.0035 -0.0131 0.7784 0.6276
1783881284.5991 5.8803 17.0943 -0.0945 0.0035 -0.0131 0.7794 0.6264
1783881284.9799 5.8681 17.1098 -0.0939 0.0035 -0.0131 0.7806 0.6249
1783881285.5119 5.8642 17.1436 -0.0947 0.0035 -0.0131 0.7820 0.6231
1783881286.0574 5.8607 17.1597 -0.0941 0.0035 -0.0131 0.7836 0.6212
1783881286.3229 5.8492 17.1883 -0.0917 0.0035 -0.0132 0.7847 0.6198
1783881286.6819 5.8377 17.2103 -0.0946 0.0035 -0.0132 0.7857 0.6184
1783881289.4450 5.8292 17.2336 -0.0925 0.0034 -0.0132 0.7871 0.6166
1783881289.4450 5.8271 17.2551 -0.0914 0.0034 -0.0132 0.7889 0.6144
1783881289.4450 5.8141 17.3010 -0.0927 0.0034 -0.0133 0.7904 0.6124
1783881289.4450 5.8021 17.3127 -0.0945 0.0034 -0.0133 0.7917 0.6108
1783881289.4450 5.7931 17.3323 -0.0945 0.0034 -0.0133 0.7932 0.6088
1783881289.8477 5.7743 17.3598 -0.0963 0.0034 -0.0133 0.7951 0.6063
1783881290.1925 5.7730 17.3884 -0.0954 0.0033 -0.0133 0.7972 0.6036
1783881291.0300 5.7652 17.4173 -0.0918 0.0033 -0.0134 0.7993 0.6008
1783881291.5257 5.7617 17.4387 -0.0926 0.0033 -0.0134 0.8013 0.5981
1783881292.0024 5.7429 17.4587 -0.0919 0.0033 -0.0134 0.8034 0.5952
1783881292.2380 5.7346 17.4904 -0.0954 0.0032 -0.0134 0.8054 0.5925
1783881292.5625 5.7192 17.5062 -0.0934 0.0032 -0.0135 0.8075 0.5897
1783881292.7584 5.7070 17.5463 -0.0916 0.0032 -0.0135 0.8095 0.5869
1783881293.2291 5.6958 17.5631 -0.0954 0.0031 -0.0135 0.8118 0.5838
1783881295.5631 5.6756 17.5785 -0.0931 0.0031 -0.0135 0.8139 0.5808
1783881295.5640 5.6616 17.6054 -0.0950 0.0031 -0.0135 0.8165 0.5772
1783881295.5640 5.6461 17.6236 -0.0949 0.0030 -0.0136 0.8188 0.5740
1783881295.5904 5.6304 17.6547 -0.0924 0.0031 -0.0136 0.8210 0.5707
1783881295.8383 5.6138 17.6699 -0.0927 0.0030 -0.0136 0.8230 0.5679
1783881298.5733 5.6051 17.6909 -0.0940 0.0030 -0.0136 0.8252 0.5646
1783881298.5733 5.5947 17.7141 -0.0953 0.0029 -0.0136 0.8272 0.5617
1783881298.5855 5.5812 17.7426 -0.0931 0.0029 -0.0137 0.8293 0.5586
1783881298.5855 5.5656 17.7567 -0.0940 0.0029 -0.0137 0.8315 0.5554
1783881298.5855 5.5550 17.7839 -0.0940 0.0028 -0.0137 0.8339 0.5517
1783881298.6961 5.5300 17.8187 -0.0936 0.0028 -0.0137 0.8361 0.5484
1783881299.2141 5.5139 17.8430 -0.0972 0.0027 -0.0137 0.8385 0.5447
1783881299.5133 5.5079 17.8629 -0.0933 0.0027 -0.0138 0.8405 0.5417
1783881300.4896 5.4958 17.8859 -0.0957 0.0026 -0.0138 0.8428 0.5380
1783881300.7791 5.4795 17.9060 -0.0964 0.0026 -0.0138 0.8450 0.5346
1783881301.1493 5.4652 17.9356 -0.0944 0.0026 -0.0139 0.8472 0.5311
1783881301.3561 5.4479 17.9571 -0.0968 0.0025 -0.0139 0.8491 0.5281
1783881304.5642 5.4308 17.9754 -0.0950 0.0025 -0.0139 0.8511 0.5247
1783881304.5642 5.4074 17.9851 -0.0963 0.0025 -0.0139 0.8530 0.5217
1783881304.5642 5.3899 18.0129 -0.0975 0.0024 -0.0139 0.8551 0.5183
1783881304.5653 5.3725 18.0341 -0.0971 0.0024 -0.0140 0.8571 0.5149
1783881304.5653 5.3522 18.0599 -0.0963 0.0024 -0.0140 0.8594 0.5112
1783881304.9285 5.3463 18.0892 -0.0978 0.0023 -0.0140 0.8616 0.5075
1783881305.4248 5.3309 18.1104 -0.0961 0.0023 -0.0140 0.8636 0.5040
1783881307.5629 5.3152 18.1311 -0.0952 0.0023 -0.0141 0.8655 0.5008
1783881307.5629 5.2868 18.1410 -0.1007 0.0022 -0.0141 0.8674 0.4974
1783881307.5629 5.2677 18.1643 -0.0962 0.0022 -0.0141 0.8691 0.4945
1783881307.5634 5.2659 18.1885 -0.0976 0.0021 -0.0141 0.8710 0.4910
1783881307.6557 5.2406 18.1723 -0.0977 0.0021 -0.0140 0.8720 0.4892
1783881310.5632 5.2511 18.1659 -0.0970 0.0021 -0.0141 0.8731 0.4873
1783881310.5645 5.2226 18.1785 -0.0981 0.0021 -0.0141 0.8741 0.4856
1783881310.5645 5.1891 18.1804 -0.0985 0.0021 -0.0141 0.8750 0.4839
1783881310.5645 5.1773 18.1692 -0.0995 0.0021 -0.0141 0.8757 0.4826
1783881310.5645 5.1528 18.1820 -0.0997 0.0021 -0.0141 0.8767 0.4809
1783881310.5645 5.1202 18.2054 -0.1002 0.0020 -0.0141 0.8779 0.4786
1783881313.5631 5.0724 18.2380 -0.1009 0.0020 -0.0141 0.8794 0.4759
1783881313.5631 5.0266 18.2706 -0.0994 0.0021 -0.0141 0.8812 0.4726
1783881313.5631 4.9978 18.3067 -0.1002 0.0020 -0.0142 0.8839 0.4675
1783881313.5631 4.9333 18.2895 -0.1012 0.0020 -0.0141 0.8865 0.4625
1783881313.5631 4.8599 18.2555 -0.1058 0.0019 -0.0141 0.8891 0.4574
1783881313.5631 4.8363 18.2789 -0.0983 0.0019 -0.0141 0.8916 0.4526
1783881313.5631 4.8053 18.3109 -0.0960 0.0019 -0.0142 0.8943 0.4472
1783881313.9156 4.7983 18.3487 -0.0917 0.0019 -0.0142 0.8967 0.4423
1783881314.2863 4.7788 18.3830 -0.0926 0.0019 -0.0142 0.8988 0.4381
1783881314.8106 4.7906 18.4583 -0.0887 0.0019 -0.0143 0.9008 0.4340
1783881315.2933 4.7616 18.5259 -0.0933 0.0018 -0.0143 0.9028 0.4299
1783881316.1530 4.6948 18.5555 -0.1023 0.0016 -0.0143 0.9045 0.4263
1783881316.7291 4.6739 18.6172 -0.1035 0.0016 -0.0143 0.9066 0.4218
1783881317.2063 4.6436 18.6262 -0.1027 0.0016 -0.0143 0.9085 0.4177
1783881317.5543 4.6087 18.6275 -0.0979 0.0016 -0.0144 0.9103 0.4138
1783881317.7733 4.5742 18.6534 -0.1015 0.0015 -0.0144 0.9119 0.4101
1783881319.5658 4.5249 18.6998 -0.1010 0.0016 -0.0144 0.9132 0.4072
1783881319.5658 4.4969 18.7550 -0.1012 0.0015 -0.0144 0.9144 0.4045
1783881319.6334 4.4641 18.7954 -0.1059 0.0015 -0.0144 0.9156 0.4018
1783881319.9672 4.4510 18.7946 -0.1081 0.0015 -0.0144 0.9162 0.4004
1783881320.4200 4.4406 18.8067 -0.1034 0.0015 -0.0145 0.9164 0.4000
1783881320.6366 4.4367 18.7836 -0.1026 0.0015 -0.0144 0.9162 0.4004
1783881322.5665 4.4498 18.7848 -0.1009 0.0016 -0.0144 0.9156 0.4019
1783881322.5665 4.4352 18.7759 -0.1005 0.0016 -0.0144 0.9147 0.4039
1783881325.5914 4.4306 18.7911 -0.1039 0.0016 -0.0144 0.9135 0.4066
1783881325.5914 4.4287 18.7893 -0.1029 0.0017 -0.0144 0.9120 0.4100
1783881325.5914 4.4254 18.7953 -0.0996 0.0018 -0.0144 0.9101 0.4141
1783881325.5914 4.4114 18.7797 -0.1042 0.0018 -0.0144 0.9081 0.4185
1783881325.5914 4.4046 18.7702 -0.1004 0.0019 -0.0144 0.9056 0.4240
1783881325.6014 4.3996 18.7693 -0.1050 0.0020 -0.0143 0.9029 0.4296
1783881326.1748 4.3785 18.7644 -0.1032 0.0021 -0.0143 0.8996 0.4364
1783881328.5683 4.3627 18.7637 -0.1038 0.0022 -0.0143 0.8964 0.4431
1783881328.5683 4.3503 18.7570 -0.0987 0.0024 -0.0143 0.8925 0.4508
1783881328.5683 4.3286 18.7567 -0.1049 0.0025 -0.0142 0.8887 0.4582
1783881328.5689 4.3180 18.7488 -0.1105 0.0026 -0.0142 0.8845 0.4664
1783881328.5689 4.2956 18.7325 -0.1086 0.0027 -0.0142 0.8805 0.4738
1783881328.6112 4.2790 18.7353 -0.1092 0.0028 -0.0141 0.8761 0.4819
1783881328.8454 4.2635 18.7296 -0.1101 0.0030 -0.0141 0.8717 0.4898
